1	5403
2	5403
3	2603
4	0004
5	0013
6	0100
7	6400
10	0000
11	0000
12	0000
13	4370
14	3117
15	0000
16	7402
17	3215
20	0000
21	0000
22	2407
23	0000
24	0000
25	0000
26	0001
27	0000
30	0000
31	3217
32	0000
33	0000
34	0000
35	4370
36	0000
37	0000
40	0000
41	0000
42	0000
43	0000
44	0000
45	0000
46	0000
47	0000
50	0000
51	6603
52	2004
53	6724
54	0000
55	0000
56	0000
57	7760
60	3217
61	1354
62	2414
63	2676
64	2666
65	0001
66	0215
67	0000
70	0005
71	0000
72	0214
73	0207
74	0203
75	0337
76	0212
77	0215
100	7402
101	7700
102	0256
103	7701
104	7600
105	7760
106	0177
107	0017
110	0277
111	7776
112	7477
113	0260
114	7540
115	7522
116	7563
117	7775
120	7773
121	7767
122	0077
123	0200
124	4000
125	2030
126	2155
127	5715
130	6000
131	6200
132	3140
133	3206
134	3140
135	3217
136	2017
137	2407
140	0521
141	1565
142	0477
143	0534
144	0554
145	2274
146	2502
147	1314
150	0721
151	2465
152	2155
153	2425
154	0302
155	2242
156	2360
157	0413
160	1517
161	1533
162	2035
163	0744
164	0700
165	2062
166	2726
167	7700
170	0330
171	7607
172	0077
173	7772
174	7746
175	7776
176	4371
177	7610
200	5576
201	1137
202	3022
203	7001
204	3100
205	3026
206	1226
207	3013
210	1225
211	4551
212	1132
213	3010
214	3062
215	1132
216	3027
217	4552
220	4547
221	0073
222	0474
223	4546
224	5217
225	0252
226	3220
227	4546
230	4546
231	1132
232	3017
233	3020
234	4545
235	1035
236	3013
237	4560
240	4561
241	5362
242	5271
243	2026
244	4554
245	1124
246	1065
247	7640
250	4566
251	1060
252	3010
253	3062
254	1067
255	3410
256	4560
257	7410
260	4545
261	4546
262	1066
263	1116
264	7640
265	5260
266	4565
267	4556
270	5177
271	4540
272	0611
273	1422
274	7450
275	5177
276	3022
277	1022
300	7001
301	5232
302	0000
303	4560
304	1066
305	1112
306	7650
307	5322
310	3036
311	4771
312	1047
313	0372
314	1046
315	7640
316	4566
317	1047
320	4557
321	7004
322	3067
323	4561
324	4545
325	4561
326	5340
327	5352
330	1054
331	7106
332	1054
333	7004
334	1067
335	3067
336	4545
337	4561
340	4566
341	5352
342	1054
343	1067
344	3067
345	4545
346	4561
347	5340
350	7410
351	4566
352	7100
353	1067
354	0104
355	7640
356	7020
357	1067
360	0106
361	7460
362	4566
363	7640
364	1373
365	7020
366	7004
367	3065
370	5702
371	5600
372	7740
373	2000
374	2014
375	2010
376	1160
377	1142
400	1553
401	1343
402	5000
403	4620
404	5040
405	5205
406	5200
407	7400
410	2725
411	2725
412	2725
413	0000
414	7106
415	7006
416	7006
417	5613
420	4554
421	1022
422	4542
423	4543
424	0017
425	4543
426	0065
427	1065
430	7710
431	5263
432	4555
433	7000
434	1023
435	3011
436	1411
437	4563
440	4566
441	4540
442	0606
443	4544
444	0065
445	1422
446	7450
447	5271
450	7001
451	3030
452	1065
453	7740
454	5260
455	1430
456	4563
457	5271
460	1430
461	3067
462	5225
463	4555
464	4566
465	4540
466	0610
467	4544
470	0065
471	4544
472	0017
473	1413
474	3022
475	5676
476	0611
477	0000
500	3071
501	7040
502	4310
503	1071
504	3413
505	7040
506	4310
507	5677
510	0000
511	1013
512	3013
513	1013
514	7141
515	1031
516	7630
517	4566
520	5710
521	0000
522	1721
523	3071
524	7040
525	4310
526	1321
527	7001
530	3413
531	7040
532	4310
533	5471
534	0000
535	7240
536	1734
537	3011
540	2334
541	1117
542	4310
543	1117
544	3071
545	1411
546	3413
547	2071
550	5345
551	1117
552	4310
553	5734
554	0000
555	7240
556	1754
557	2354
560	3011
561	1117
562	3071
563	1413
564	3411
565	2071
566	5363
567	5754
570	2740
571	0212
572	0217
573	0227
574	1075
575	1137
576	2725
577	1065
600	0610
601	0614
602	7472
603	4554
604	4555
605	4566
606	1023
607	3022
610	4545
611	1066
612	1116
613	7650
614	5541
615	4550
616	1376
617	5210
620	1066
621	0075
622	4542
623	4545
624	4550
625	1376
626	7410
627	5223
630	1413
631	4547
632	0773
633	0167
634	4566
635	4554
636	2026
637	4555
640	5267
641	1067
642	7640
643	4553
644	4545
645	4551
646	1066
647	1116
650	7640
651	5244
652	1423
653	7450
654	5271
655	7001
656	3030
657	1065
660	7700
661	1430
662	4563
663	5273
664	1430
665	3067
666	5237
667	1023
670	5253
671	3026
672	5541
673	1065
674	7750
675	5271
676	4551
677	5264
700	0000
701	4560
702	4550
703	1767
704	5700
705	1066
706	2300
707	1202
710	7650
711	5317
712	4561
713	5700
714	7410
715	5700
716	2300
717	2300
720	5700
721	0000
722	1721
723	3012
724	1412
725	7510
726	5340
727	7041
730	1066
731	7640
732	5324
733	1721
734	7040
735	1012
736	3054
737	7410
740	2321
741	2321
742	7300
743	5721
744	0000
745	0104
746	7041
747	3071
750	1067
751	0104
752	1071
753	7650
754	2344
755	5744
756	0000
757	1036
760	7640
761	5364
762	4545
763	5756
764	4552
765	4547
766	6776
767	3402
770	5756
771	1035
772	0610
773	0614
774	0323
775	0306
776	0311
777	0304
1000	0307
1001	0303
1002	0301
1003	0324
1004	0314
1005	0305
1006	0327
1007	0315
1010	0321
1011	0322
1012	0212
1013	4564
1014	4637
1015	2013
1016	4640
1017	1111
1020	3032
1021	1045
1022	7510
1023	2032
1024	7750
1025	2032
1026	7410
1027	5767
1030	4547
1031	1377
1032	7371
1033	4545
1034	5230
1035	4545
1036	5225
1037	1601
1040	2047
1041	4540
1042	1403
1043	4560
1044	1066
1045	1335
1046	7440
1047	4566
1050	1030
1051	4542
1052	4540
1053	1612
1054	1413
1055	3030
1056	4407
1057	6430
1060	0000
1061	4547
1062	1377
1063	7177
1064	4566
1065	1030
1066	4542
1067	4540
1070	1612
1071	4547
1072	1377
1073	7174
1074	4566
1075	4543
1076	2030
1077	4540
1100	1612
1101	4543
1102	2030
1103	4543
1104	0017
1105	4540
1106	0610
1107	4544
1110	0017
1111	4544
1112	2030
1113	4544
1114	7470
1115	1413
1116	3030
1117	4407
1120	0430
1121	1733
1122	6430
1123	2525
1124	0000
1125	1045
1126	7740
1127	5541
1130	1030
1131	4542
1132	4543
1133	7470
1134	5301
1135	7503
1136	7524
1137	4543
1140	2405
1141	5301
1142	4453
1143	4542
1144	1066
1145	1336
1146	7640
1147	4566
1150	4540
1151	1612
1152	4453
1153	6063
1154	7200
1155	1413
1156	6057
1157	7410
1160	4453
1161	7200
1162	5536
1163	1041
1164	1041
1165	1013
1166	0420
1167	0603
1170	0614
1171	1202
1172	1203
1173	7503
1174	2204
1175	0635
1176	1256
1177	0177
1200	1563
1201	6361
1202	7240
1203	3056
1204	3026
1205	4547
1206	1371
1207	0176
1210	2056
1211	5226
1212	4540
1213	1403
1214	1066
1215	4542
1216	1255
1217	4551
1220	2036
1221	7001
1222	4531
1223	1413
1224	3066
1225	5202
1226	4540
1227	1613
1230	4530
1231	5203
1232	2026
1233	4545
1234	4547
1235	1403
1236	0773
1237	4551
1240	5233
1241	4545
1242	4554
1243	1067
1244	3052
1245	5204
1246	1077
1247	4463
1250	7040
1251	1077
1252	4551
1253	4545
1254	5204
1255	0272
1256	4554
1257	4555
1260	4566
1261	1060
1262	3010
1263	3062
1264	1067
1265	3410
1266	1010
1267	3027
1270	4464
1271	3100
1272	2026
1273	4545
1274	4551
1275	4547
1276	0076
1277	1271
1300	4546
1301	5273
1302	1060
1303	7001
1304	3010
1305	3062
1306	4552
1307	4547
1310	0071
1311	1271
1312	4546
1313	5306
1314	0000
1315	7450
1316	1066
1317	7041
1320	3071
1321	1714
1322	2314
1323	3012
1324	1412
1325	7510
1326	5340
1327	1071
1330	7640
1331	5324
1332	1012
1333	1714
1334	3071
1335	1471
1336	3071
1337	5471
1340	2314
1341	7300
1342	5714
1343	4453
1344	7000
1345	6375
1346	6332
1347	5346
1350	6362
1351	3046
1352	6001
1353	5536
1354	0000
1355	6046
1356	6026
1357	6041
1360	5357
1361	7200
1362	5754
1363	1273
1364	1270
1365	2740
1366	1302
1367	1271
1370	0261
1371	1312
1372	0245
1373	0242
1374	0241
1375	0243
1376	0244
1377	0240
1400	0254
1401	0273
1402	0215
1403	4564
1404	0242
1405	0215
1406	4566
1407	3062
1410	4546
1411	4545
1412	4550
1413	1767
1414	5226
1415	1066
1416	0122
1417	1061
1420	3061
1421	4545
1422	4550
1423	1767
1424	5226
1425	5221
1426	4562
1427	5237
1430	1061
1431	3056
1432	4660
1433	1413
1434	3061
1435	4657
1436	4453
1437	3317
1440	1060
1441	3030
1442	1030
1443	7041
1444	1031
1445	7750
1446	5261
1447	1430
1450	7041
1451	1061
1452	7650
1453	5305
1454	1030
1455	1070
1456	5241
1457	2047
1460	1601
1461	1031
1462	1005
1463	7141
1464	1013
1465	7620
1466	4566
1467	1031
1470	1070
1471	3031
1472	1061
1473	3430
1474	2030
1475	1317
1476	3430
1477	2030
1500	4407
1501	0537
1502	6430
1503	0000
1504	5541
1505	1030
1506	3011
1507	1411
1510	7041
1511	1317
1512	7640
1513	5254
1514	2030
1515	2030
1516	5541
1517	0000
1520	1066
1521	1114
1522	7640
1523	5717
1524	4545
1525	5320
1526	7520
1527	7507
1530	0000
1531	2000
1532	0000
1533	0000
1534	1066
1535	1115
1536	7640
1537	2333
1540	1066
1541	1326
1542	3054
1543	1054
1544	7710
1545	5733
1546	1066
1547	1327
1550	7750
1551	2333
1552	5733
1553	4407
1554	1330
1555	4350
1556	6330
1557	0000
1560	3330
1561	3044
1562	5536
1563	1137
1564	3022
1565	1413
1566	3071
1567	5471
1570	1241
1571	1232
1572	1251
1573	1246
1574	3052
1575	1253
1576	1253
1577	0610
1600	0614
1601	0000
1602	1054
1603	4542
1604	1055
1605	4542
1606	1056
1607	4542
1610	1201
1611	4542
1612	4545
1613	3055
1614	4564
1615	5227
1616	5332
1617	5343
1620	4540
1621	1407
1622	4564
1623	5244
1624	0212
1625	0377
1626	4566
1627	1137
1630	3030
1631	1111
1632	1054
1633	7450
1634	5247
1635	7001
1636	7650
1637	5323
1640	1054
1641	1121
1642	7710
1643	5363
1644	4562
1645	7410
1646	4566
1647	1054
1650	3024
1651	1024
1652	1121
1653	7700
1654	3024
1655	1024
1656	7041
1657	1055
1660	7710
1661	5310
1662	1055
1663	7112
1664	7012
1665	1331
1666	3274
1667	1055
1670	7640
1671	4544
1672	0044
1673	4407
1674	0000
1675	6525
1676	0000
1677	1125
1700	3030
1701	1024
1702	1055
1703	7650
1704	5541
1705	1413
1706	3055
1707	5255
1710	4562
1711	7410
1712	5365
1713	1055
1714	4542
1715	1030
1716	3320
1717	4543
1720	0000
1721	1024
1722	3055
1723	4545
1724	4564
1725	5363
1726	5332
1727	5343
1730	5220
1731	0430
1732	4543
1733	0044
1734	1125
1735	3030
1736	3036
1737	4531
1740	4544
1741	0044
1742	5222
1743	3056
1744	4545
1745	4550
1746	1767
1747	5354
1750	1056
1751	7104
1752	1066
1753	5343
1754	4562
1755	4566
1756	4201
1757	1413
1760	4547
1761	2164
1762	6207
1763	4562
1764	4566
1765	4201
1766	2013
1767	5536
1770	0240
1771	0253
1772	0255
1773	0257
1774	0252
1775	0336
1776	0250
1777	0333
2000	0274
2001	0251
2002	0335
2003	0276
2004	0254
2005	0273
2006	0215
2007	0275
2010	4543
2011	2405
2012	4544
2013	0044
2014	1231
2015	7710
2016	4451
2017	4407
2020	7000
2021	6230
2022	0000
2023	1125
2024	3030
2025	4247
2026	5627
2027	1622
2030	0000
2031	0000
2032	0000
2033	0000
2034	0003
2035	0000
2036	1054
2037	1121
2040	7700
2041	5635
2042	1054
2043	1120
2044	7740
2045	2235
2046	5635
2047	0000
2050	1413
2051	3055
2052	1234
2053	1413
2054	7041
2055	1054
2056	7640
2057	4566
2060	4545
2061	5647
2062	0000
2063	6002
2064	4555
2065	5662
2066	2026
2067	4545
2070	1066
2071	1116
2072	7640
2073	5267
2074	1017
2075	7040
2076	1023
2077	3057
2100	1133
2101	7041
2102	1023
2103	7650
2104	5177
2105	7000
2106	1423
2107	3425
2110	1133
2111	3071
2112	1471
2113	7450
2114	5327
2115	3032
2116	1023
2117	7141
2120	1032
2121	7630
2122	1057
2123	1032
2124	3471
2125	1032
2126	5311
2127	7040
2130	1023
2131	3011
2132	1057
2133	7040
2134	1023
2135	3012
2136	1057
2137	1060
2140	3060
2141	1010
2142	7040
2143	1012
2144	3032
2145	1010
2146	1057
2147	3010
2150	1412
2151	3411
2152	2032
2153	5350
2154	5263
2155	0000
2156	4464
2157	3066
2160	4550
2161	1623
2162	5755
2163	4551
2164	5755
2165	2533
2166	2650
2167	2636
2170	2565
2171	2630
2172	2517
2173	2572
2174	2624
2175	2625
2176	2654
2177	2575
2200	2702
2201	2631
2202	2567
2203	0330
2204	4564
2205	5237
2206	5222
2207	5213
2210	1066
2211	1112
2212	7440
2213	4566
2214	1135
2215	3060
2216	3533
2217	1060
2220	3031
2221	5177
2222	4554
2223	1060
2224	3010
2225	4565
2226	2023
2227	1065
2230	7700
2231	1423
2232	4563
2233	5217
2234	1423
2235	3067
2236	5225
2237	1060
2240	3031
2241	5541
2242	0000
2243	1133
2244	3025
2245	1133
2246	3023
2247	1023
2250	3011
2251	1067
2252	7141
2253	1411
2254	7450
2255	5266
2256	7630
2257	5267
2260	1023
2261	3025
2262	1423
2263	7440
2264	5246
2265	7410
2266	2242
2267	1023
2270	7001
2271	3017
2272	3020
2273	5642
2274	0000
2275	4330
2276	7710
2277	1006
2300	1357
2301	1066
2302	7450
2303	5316
2304	1075
2305	3066
2306	1026
2307	1100
2310	7650
2311	4551
2312	5674
2313	4330
2314	7040
2315	5276
2316	1026
2317	7640
2320	5326
2321	1100
2322	7650
2323	7001
2324	3100
2325	5275
2326	1110
2327	5305
2330	0000
2331	2020
2332	5345
2333	1021
2334	0122
2335	3066
2336	1066
2337	1103
2340	7650
2341	5313
2342	1066
2343	1356
2344	5730
2345	1417
2346	3021
2347	7040
2350	3020
2351	1021
2352	7112
2353	7012
2354	7012
2355	5334
2356	7740
2357	7641
2360	0000
2361	7000
2362	1425
2363	3460
2364	1060
2365	3425
2366	1061
2367	7440
2370	3410
2371	1010
2372	7001
2373	3060
2374	1060
2375	3031
2376	5760
2377	1253
2400	0614
2401	6202
2402	0757
2403	0757
2404	6250
2405	0001
2406	2000
2407	0000
2410	0000
2411	0000
2412	0000
2413	7766
2414	0000
2415	6031
2416	5215
2417	6036
2420	0106
2421	7450
2422	5215
2423	1123
2424	5614
2425	0000
2426	1067
2427	4557
2430	0122
2431	4242
2432	1102
2433	4551
2434	1067
2435	4242
2436	1356
2437	3066
2440	4551
2441	5625
2442	0000
2443	0106
2444	3032
2445	1113
2446	3033
2447	5252
2450	2033
2451	3032
2452	1032
2453	1213
2454	7500
2455	5250
2456	7200
2457	1033
2460	4551
2461	1032
2462	1113
2463	4551
2464	5642
2465	0000
2466	7450
2467	1066
2470	1116
2471	7450
2472	5276
2473	1077
2474	4463
2475	5665
2476	1077
2477	4463
2500	1076
2501	5274
2502	0000
2503	1110
2504	7041
2505	1066
2506	7450
2507	1352
2510	1101
2511	7450
2512	5755
2513	1353
2514	3071
2515	1071
2516	0354
2517	1356
2520	7440
2521	1354
2522	7650
2523	5332
2524	1071
2525	0122
2526	7440
2527	4335
2530	7000
2531	5702
2532	1122
2533	4335
2534	5324
2535	0000
2536	2062
2537	5357
2540	1061
2541	3410
2542	3061
2543	1013
2544	7141
2545	1005
2546	1010
2547	7620
2550	5735
2551	4566
2552	0040
2553	0377
2554	0140
2555	3004
2556	7640
2557	4557
2560	3061
2561	7040
2562	3062
2563	5735
2564	2600
2565	0200
2566	2600
2567	0200
2570	2600
2571	0200
2572	2600
2573	0200
2574	2600
2575	0200
2576	2600
2577	0200
2600	0000
2601	0000
2602	7575
2603	3200
2604	7010
2605	3201
2606	6041
2607	5225
2610	6042
2611	3016
2612	1665
2613	7450
2614	5225
2615	6044
2616	3016
2617	3665
2620	1265
2621	7001
2622	0107
2623	1263
2624	3265
2625	6031
2626	5246
2627	6036
2630	0106
2631	7450
2632	5246
2633	1123
2634	3262
2635	1262
2636	1202
2637	7650
2640	5340
2641	1034
2642	7640
2643	4566
2644	1262
2645	3034
2646	6011
2647	5252
2650	6012
2651	3037
2652	6244
2653	6101
2654	7000
2655	1201
2656	7104
2657	1200
2660	6001
2661	5400
2662	0000
2663	3120
2664	3120
2665	3120
2666	0000
2667	1034
2670	7550
2671	5267
2672	3276
2673	3034
2674	1276
2675	5666
2676	0000
2677	3266
2700	6001
2701	1664
2702	7640
2703	5301
2704	6002
2705	1016
2706	7640
2707	5314
2710	1266
2711	6046
2712	3016
2713	5323
2714	1266
2715	3664
2716	1264
2717	7001
2720	0107
2721	1263
2722	3264
2723	6001
2724	5676
2725	3326
2726	0000
2727	7240
2730	1326
2731	3067
2732	6001
2733	1016
2734	7640
2735	5333
2736	6002
2737	5342
2740	1123
2741	3067
2742	2016
2743	1105
2744	3057
2745	7040
2746	1263
2747	3010
2750	7000
2751	3410
2752	2057
2753	5351
2754	3034
2755	1263
2756	3265
2757	1263
2760	3264
2761	7040
2762	6046
2763	1101
2764	4551
2765	4553
2766	2022
2767	1422
2770	7450
2771	5377
2772	3067
2773	1101
2774	4551
2775	4551
2776	4553
2777	1077
3000	4551
3001	1126
3002	3152
3003	5177
3004	1062
3005	7640
3006	5214
3007	1010
3010	7041
3011	1027
3012	7700
3013	5641
3014	1251
3015	4551
3016	1010
3017	3071
3020	7000
3021	2062
3022	5242
3023	1471
3024	0122
3025	1103
3026	7640
3027	5237
3030	7040
3031	3062
3032	7040
3033	1010
3034	3010
3035	1471
3036	0101
3037	3061
3040	5641
3041	2530
3042	1471
3043	0101
3044	1006
3045	7640
3046	5230
3047	3471
3050	5231
3051	0334
3052	1060
3053	3030
3054	1031
3055	7041
3056	1030
3057	7650
3060	5541
3061	1430
3062	3316
3063	1315
3064	3017
3065	3020
3066	4545
3067	4551
3070	4545
3071	4551
3072	4545
3073	4551
3074	2030
3075	1430
3076	4714
3077	4545
3100	4551
3101	2030
3102	4407
3103	0430
3104	0000
3105	4530
3106	1077
3107	4551
3110	1070
3111	1111
3112	1030
3113	5253
3114	2442
3115	3115
3116	0000
3117	5051
3120	0000
3121	0000
3122	0000
3123	0000
3124	0000
3125	0000
3126	0000
3127	0000
3130	0000
3131	0000
3132	0000
3133	0000
3134	0000
3135	0000
3136	0000
3137	0000
3140	0000
3141	0000
3142	0000
3143	0000
3144	0000
3145	0000
3146	0000
3147	0000
3150	0000
3151	0000
3152	0000
3153	0000
3154	0000
3155	0000
3156	0000
3157	0000
3160	0000
3161	0000
3162	0000
3163	0000
3164	0000
3165	0000
3166	0000
3167	0000
3170	0000
3171	0000
3172	0000
3173	0000
3174	0000
3175	0000
3176	0000
3177	0000
3200	0000
3201	0000
3202	0000
3203	0000
3204	0000
3205	0000
3206	0000
3207	0000
3210	0355
3211	0617
3212	0301
3213	1454
3214	6171
3215	6671
3216	7715
3217	7777
3220	0000
3221	0000
3222	0000
3223	0000
3224	0000
3225	0000
3226	0000
3227	0000
3230	0000
3231	0000
3232	0000
3233	0000
3234	0000
3235	0000
3236	0000
3237	0000
3240	0000
3241	0000
3242	0000
3243	0000
3244	0000
3245	0000
3246	0000
3247	0000
3250	0000
3251	0000
3252	0000
3253	0000
3254	0000
3255	0000
3256	0000
3257	0000
3260	0000
3261	0000
3262	0000
3263	0000
3264	0000
3265	0000
3266	0000
3267	0000
3270	0000
3271	0000
3272	0000
3273	0000
3274	0000
3275	0000
3276	0000
3277	0000
3300	0000
3301	0000
3302	0000
3303	0000
3304	0000
3305	0000
3306	0000
3307	0000
3310	0000
3311	0000
3312	0000
3313	0000
3314	0000
3315	0000
3316	0000
3317	0000
3320	0000
3321	0000
3322	0000
3323	0000
3324	0000
3325	0000
3326	0000
3327	0000
3330	0000
3331	0000
3332	0000
3333	0000
3334	0000
3335	0000
3336	0000
3337	0000
3340	0000
3341	0000
3342	0000
3343	0000
3344	0000
3345	0000
3346	0000
3347	0000
3350	0000
3351	0000
3352	0000
3353	0000
3354	0000
3355	0000
3356	0000
3357	0000
3360	0000
3361	0000
3362	0000
3363	0000
3364	0000
3365	0000
3366	0000
3367	0000
3370	0000
3371	0000
3372	0000
3373	0000
3374	0000
3375	0000
3376	0000
3377	0000
3400	0000
3401	0000
3402	0000
3403	0000
3404	0000
3405	0000
3406	0000
3407	0000
3410	0000
3411	0000
3412	0000
3413	0000
3414	0000
3415	0000
3416	0000
3417	0000
3420	0000
3421	0000
3422	0000
3423	0000
3424	0000
3425	0000
3426	0000
3427	0000
3430	0000
3431	0000
3432	0000
3433	0000
3434	0000
3435	0000
3436	0000
3437	0000
3440	0000
3441	0000
3442	0000
3443	0000
3444	0000
3445	0000
3446	0000
3447	0000
3450	0000
3451	0000
3452	0000
3453	0000
3454	0000
3455	0000
3456	0000
3457	0000
3460	0000
3461	0000
3462	0000
3463	0000
3464	0000
3465	0000
3466	0000
3467	0000
3470	0000
3471	0000
3472	0000
3473	0000
3474	0000
3475	0000
3476	0000
3477	0000
3500	0000
3501	0000
3502	0000
3503	0000
3504	0000
3505	0000
3506	0000
3507	0000
3510	0000
3511	0000
3512	0000
3513	0000
3514	0000
3515	0000
3516	0000
3517	0000
3520	0000
3521	0000
3522	0000
3523	0000
3524	0000
3525	0000
3526	0000
3527	0000
3530	0000
3531	0000
3532	0000
3533	0000
3534	0000
3535	0000
3536	0000
3537	0000
3540	0000
3541	0000
3542	0000
3543	0000
3544	0000
3545	0000
3546	0000
3547	0000
3550	0000
3551	0000
3552	0000
3553	0000
3554	0000
3555	0000
3556	0000
3557	0000
3560	0000
3561	0000
3562	0000
3563	0000
3564	0000
3565	0000
3566	0000
3567	0000
3570	0000
3571	0000
3572	0000
3573	0000
3574	0000
3575	0000
3576	0000
3577	0000
3600	0000
3601	0000
3602	0000
3603	0000
3604	0000
3605	0000
3606	0000
3607	0000
3610	0000
3611	0000
3612	0000
3613	0000
3614	0000
3615	0000
3616	0000
3617	0000
3620	0000
3621	0000
3622	0000
3623	0000
3624	0000
3625	0000
3626	0000
3627	0000
3630	0000
3631	0000
3632	0000
3633	0000
3634	0000
3635	0000
3636	0000
3637	0000
3640	0000
3641	0000
3642	0000
3643	0000
3644	0000
3645	0000
3646	0000
3647	0000
3650	0000
3651	0000
3652	0000
3653	0000
3654	0000
3655	0000
3656	0000
3657	0000
3660	0000
3661	0000
3662	0000
3663	0000
3664	0000
3665	0000
3666	0000
3667	0000
3670	0000
3671	0000
3672	0000
3673	0000
3674	0000
3675	0000
3676	0000
3677	0000
3700	0000
3701	0000
3702	0000
3703	0000
3704	0000
3705	0000
3706	0000
3707	0000
3710	0000
3711	0000
3712	0000
3713	0000
3714	0000
3715	0000
3716	0000
3717	0000
3720	0000
3721	0000
3722	0000
3723	0000
3724	0000
3725	0000
3726	0000
3727	0000
3730	0000
3731	0000
3732	0000
3733	0000
3734	0000
3735	0000
3736	0000
3737	0000
3740	0000
3741	0000
3742	0000
3743	0000
3744	0000
3745	0000
3746	0000
3747	0000
3750	0000
3751	0000
3752	0000
3753	0000
3754	0000
3755	0000
3756	0000
3757	0000
3760	0000
3761	0000
3762	0000
3763	0000
3764	0000
3765	0000
3766	0000
3767	0000
3770	0000
3771	0000
3772	0000
3773	0000
3774	0000
3775	0000
3776	0000
3777	0000
4000	0000
4001	0000
4002	0000
4003	0000
4004	0000
4005	0000
4006	0000
4007	0000
4010	0000
4011	0000
4012	0000
4013	0000
4014	0000
4015	0000
4016	0000
4017	0000
4020	0000
4021	0000
4022	0000
4023	0000
4024	0000
4025	0000
4026	0000
4027	0000
4030	0000
4031	0000
4032	0000
4033	0000
4034	0000
4035	0000
4036	0000
4037	0000
4040	0000
4041	0000
4042	0000
4043	0000
4044	0000
4045	0000
4046	0000
4047	0000
4050	0000
4051	0000
4052	0000
4053	0000
4054	0000
4055	0000
4056	0000
4057	0000
4060	0000
4061	0000
4062	0000
4063	0000
4064	0000
4065	0000
4066	0000
4067	0000
4070	0000
4071	0000
4072	0000
4073	0000
4074	0000
4075	0000
4076	0000
4077	0000
4100	0000
4101	0000
4102	0000
4103	0000
4104	0000
4105	0000
4106	0000
4107	0000
4110	0000
4111	0000
4112	0000
4113	0000
4114	0000
4115	0000
4116	0000
4117	0000
4120	0000
4121	0000
4122	0000
4123	0000
4124	0000
4125	0000
4126	0000
4127	0000
4130	0000
4131	0000
4132	0000
4133	0000
4134	0000
4135	0000
4136	0000
4137	0000
4140	0000
4141	0000
4142	0000
4143	0000
4144	0000
4145	0000
4146	0000
4147	0000
4150	0000
4151	0000
4152	0000
4153	0000
4154	0000
4155	0000
4156	0000
4157	0000
4160	0000
4161	0000
4162	0000
4163	0000
4164	0000
4165	0000
4166	0000
4167	0000
4170	0000
4171	0000
4172	0000
4173	0000
4174	0000
4175	0000
4176	0000
4177	0000
4200	0000
4201	0000
4202	0000
4203	0000
4204	0000
4205	0000
4206	0000
4207	0000
4210	0000
4211	0000
4212	0000
4213	0000
4214	0000
4215	0000
4216	0000
4217	0000
4220	0000
4221	0000
4222	0000
4223	0000
4224	0000
4225	0000
4226	0000
4227	0000
4230	0000
4231	0000
4232	0000
4233	0000
4234	0000
4235	0000
4236	0000
4237	0000
4240	0000
4241	0000
4242	0000
4243	0000
4244	0000
4245	0000
4246	0000
4247	0000
4250	0000
4251	0000
4252	0000
4253	0000
4254	0000
4255	0000
4256	0000
4257	0000
4260	0000
4261	0000
4262	0000
4263	0000
4264	0000
4265	0000
4266	0000
4267	0000
4270	0000
4271	0000
4272	0000
4273	0000
4274	0000
4275	0000
4276	0000
4277	0000
4300	0000
4301	0000
4302	0000
4303	0000
4304	0000
4305	0000
4306	0000
4307	0000
4310	0000
4311	0000
4312	0000
4313	0000
4314	0000
4315	0000
4316	0000
4317	0000
4320	0000
4321	0000
4322	0000
4323	0000
4324	0000
4325	0000
4326	0000
4327	0000
4330	0000
4331	0000
4332	0000
4333	0000
4334	0000
4335	0000
4336	0000
4337	0000
4340	0000
4341	0000
4342	0000
4343	0000
4344	0000
4345	0000
4346	0000
4347	0000
4350	0000
4351	0000
4352	0000
4353	0000
4354	0000
4355	0000
4356	0000
4357	0000
4360	0000
4361	0000
4362	0000
4363	0000
4364	0000
4365	0000
4366	0000
4367	0000
4370	2741
4371	1370
4372	3176
4373	6142
4374	6077
4375	6152
4376	6762
4377	6012
4400	6346
4401	6772
4402	7300
4403	3414
4404	2057
4405	5203
4406	1362
4407	4371
4410	1370
4411	3000
4412	7040
4413	6167
4414	7200
4415	6171
4416	7650
4417	5226
4420	1365
4421	6141
4422	1366
4423	6141
4424	7200
4425	5310
4426	6141
4427	0017
4430	0002
4431	7001
4432	7650
4433	5306
4434	7101
4435	6344
4436	6331
4437	7700
4440	5246
4441	1350
4442	3752
4443	1351
4444	3753
4445	5307
4446	7354
4447	1367
4450	7650
4451	5265
4452	7344
4453	1366
4454	7650
4455	5312
4456	1100
4457	3764
4460	1212
4461	3763
4462	5313
4463	2761
4464	5314
4465	6046
4466	6000
4467	6000
4470	6000
4471	6000
4472	6000
4473	6000
4474	6000
4475	6000
4476	2057
4477	6041
4500	5266
4501	1057
4502	1130
4503	7710
4504	5311
4505	2430
4506	2430
4507	2430
4510	2430
4511	2430
4512	2430
4513	2430
4514	6046
4515	6001
4516	4540
4517	0421
4520	6002
4521	1360
4522	4371
4523	7450
4524	5344
4525	7710
4526	1366
4527	1120
4530	3057
4531	1354
4532	3011
4533	1355
4534	3411
4535	2057
4536	5333
4537	1360
4540	4371
4541	7710
4542	1104
4543	1356
4544	1357
4545	3035
4546	5747
4547	2214
4550	6313
4551	6307
4552	1153
4553	1156
4554	0401
4555	2725
4556	0560
4557	4617
4560	3006
4561	2661
4562	2004
4563	6322
4564	2654
4565	0007
4566	0002
4567	4002
4570	4462
4571	2344
4572	3061
4573	4540
4574	1437
4575	2030
4576	1430
4577	5771
4600	4556
4601	7346
4602	3366
4603	1200
4604	3361
4605	1600
4606	7110
4607	3365
4610	7012
4611	3364
4612	4251
4613	1361
4614	3200
4615	6600
4616	7001
4617	4335
4620	1045
4621	7710
4622	4724
4623	3033
4624	4407
4625	4313
4626	6675
4627	0000
4630	4453
4631	3325
4632	4407
4633	7000
4634	6676
4635	0675
4636	2676
4637	6675
4640	4675
4641	6676
4642	1310
4643	6326
4644	0305
4645	3326
4646	2675
4647	1277
4650	6326
4651	0302
4652	4676
4653	1326
4654	6326
4655	0675
4656	3326
4657	4321
4660	1316
4661	0000
4662	1325
4663	1044
4664	3044
4665	2033
4666	5536
4667	4407
4670	6675
4671	0316
4672	3675
4673	0000
4674	5536
4675	5322
4676	5326
4677	0004
4700	2372
4701	1402
4702	7774
4703	2157
4704	5157
4705	0012
4706	5454
4707	0343
4710	0007
4711	2566
4712	5341
4713	0001
4714	2705
4715	2435
4716	0001
4717	2000
4720	0000
4721	0002
4722	2000
4723	0000
4724	5163
4725	0000
4726	0000
4727	0000
4730	0000
4731	0000
4732	4407
4733	0675
4734	4675
4735	6676
4736	4374
4737	1371
4740	4676
4741	1366
4742	6326
4743	0363
4744	4676
4745	1360
4746	4676
4747	1355
4750	4675
4751	3326
4752	0000
4753	5754
4754	5024
4755	0000
4756	2437
4757	1643
4760	7777
4761	3304
4762	4434
4763	7773
4764	3306
4765	5454
4766	0000
4767	2437
4770	1646
4771	0000
4772	2427
4773	2323
4774	7775
4775	3427
4776	7052
4777	0003
5000	1045
5001	7710
5002	4363
5003	3033
5004	4407
5005	6635
5006	2637
5007	0000
5010	1045
5011	7710
5012	5221
5013	4407
5014	0637
5015	3635
5016	6635
5017	0000
5020	7240
5021	3362
5022	5623
5023	4732
5024	2362
5025	5634
5026	4407
5027	6635
5030	0636
5031	2635
5032	0000
5033	5634
5034	5302
5035	5322
5036	5316
5037	4716
5040	1045
5041	7450
5042	4566
5043	7710
5044	4451
5045	4407
5046	6756
5047	2637
5050	0000
5051	1045
5052	7450
5053	5536
5054	7700
5055	5264
5056	4407
5057	0637
5060	3756
5061	6756
5062	0000
5063	7240
5064	3033
5065	1005
5066	3044
5067	7040
5070	1756
5071	3045
5072	3046
5073	3047
5074	7001
5075	3756
5076	4407
5077	4357
5100	6635
5101	0756
5102	2637
5103	6756
5104	4353
5105	1350
5106	4756
5107	1345
5110	4756
5111	1342
5112	4756
5113	1337
5114	4756
5115	1334
5116	4756
5117	1331
5120	4756
5121	1326
5122	4756
5123	1635
5124	0000
5125	5634
5126	0000
5127	3777
5130	7742
5131	7777
5132	4000
5133	4100
5134	7777
5135	2517
5136	0307
5137	7776
5140	4113
5141	7211
5142	7776
5143	2535
5144	3301
5145	7775
5146	4746
5147	0771
5150	7774
5151	2236
5152	4304
5153	7771
5154	4544
5155	1735
5156	4726
5157	0000
5160	2613
5161	4414
5162	0000
5163	0000
5164	4451
5165	7240
5166	5763
5167	1116
5170	2605
5171	2224
5172	0000
5173	0326
5174	0530
5175	0305
5176	2024
5177	0000
5200	4407
5201	6322
5202	0316
5203	2322
5204	0000
5205	1045
5206	7740
5207	5215
5210	1045
5211	7700
5212	5536
5213	4451
5214	7040
5215	3033
5216	4407
5217	3306
5220	6326
5221	0000
5222	4453
5223	4407
5224	7000
5225	6322
5226	0326
5227	2322
5230	4306
5231	6322
5232	2312
5233	0000
5234	1045
5235	7710
5236	5245
5237	4407
5240	6322
5241	0000
5242	1033
5243	7040
5244	3033
5245	4407
5246	0322
5247	2316
5250	0000
5251	1045
5252	7710
5253	5261
5254	4407
5255	0312
5256	2322
5257	6322
5260	0000
5261	4407
5262	0322
5263	3316
5264	6322
5265	4322
5266	6326
5267	0332
5270	4326
5271	1336
5272	4326
5273	1342
5274	4326
5275	1346
5276	4326
5277	1316
5300	4322
5301	0000
5302	2033
5303	5536
5304	4451
5305	5536
5306	0003
5307	3110
5310	3756
5311	3235
5312	0002
5313	3110
5314	3756
5315	3235
5316	0001
5317	3110
5320	3756
5321	3235
5322	0000
5323	0000
5324	0000
5325	0000
5326	0000
5327	0000
5330	0000
5331	0000
5332	7764
5333	2401
5334	7015
5335	1042
5336	7771
5337	5464
5340	5514
5341	6150
5342	7775
5343	2431
5344	5361
5345	4736
5346	0000
5347	5325
5350	0414
5351	3167
5352	2024
5353	0000
5354	0326
5355	2605
5356	2223
5357	1117
5360	0000
5361	0327
5362	2600
5363	0326
5364	0317
5365	1425
5366	1516
5367	0000
5370	0332
5371	2320
5372	0103
5373	0523
5374	0000
5375	0302
5376	2022
5377	0504
5400	0000
5401	3334
5402	1052
5403	4557
5404	0122
5405	3032
5406	1032
5407	7041
5410	7450
5411	1326
5412	3335
5413	1052
5414	7450
5415	5241
5416	0122
5417	3333
5420	1335
5421	1333
5422	7510
5423	5230
5424	7240
5425	1032
5426	3333
5427	7040
5430	1033
5431	7500
5432	7200
5433	1032
5434	7510
5435	5263
5436	1326
5437	7500
5440	7200
5441	1327
5442	3071
5443	1731
5444	1071
5445	3336
5446	1071
5447	7041
5450	3071
5451	1325
5452	2736
5453	1736
5454	1330
5455	7710
5456	5265
5457	3736
5460	2071
5461	5321
5462	2736
5463	2033
5464	7200
5465	1052
5466	7650
5467	5356
5470	1335
5471	1033
5472	7540
5473	5355
5474	1333
5475	7500
5476	7200
5477	7041
5500	1033
5501	7041
5502	3032
5503	1033
5504	1032
5505	7650
5506	5343
5507	1032
5510	7001
5511	7710
5512	1105
5513	4336
5514	2032
5515	5303
5516	1102
5517	4551
5520	5303
5521	7040
5522	1336
5523	3336
5524	5252
5525	0005
5526	7772
5527	0007
5530	7766
5531	6150
5532	6154
5533	0000
5534	0000
5535	0000
5536	0000
5537	4732
5540	2335
5541	5736
5542	5600
5543	7040
5544	1033
5545	3033
5546	2334
5547	5353
5550	7040
5551	3334
5552	5313
5553	1414
5554	5313
5555	7200
5556	4732
5557	1102
5560	4551
5561	2200
5562	1414
5563	4336
5564	2334
5565	5362
5566	7040
5567	3334
5570	5363
5571	0000
5572	1045
5573	3050
5574	1045
5575	7710
5576	4451
5577	5771
5600	0000
5601	3046
5602	3044
5603	3045
5604	3047
5605	3314
5606	3050
5607	1066
5610	1264
5611	7450
5612	5220
5613	1111
5614	7640
5615	5221
5616	7040
5617	3050
5620	4666
5621	1066
5622	1265
5623	7650
5624	5220
5625	4227
5626	5600
5627	0000
5630	1066
5631	1262
5632	7650
5633	5627
5634	4561
5635	5627
5636	5247
5637	1054
5640	3313
5641	4267
5642	2314
5643	7640
5644	4566
5645	4666
5646	5230
5647	1066
5650	1112
5651	7710
5652	5627
5653	1066
5654	1263
5655	7740
5656	5627
5657	1066
5660	0122
5661	5240
5662	7473
5663	7446
5664	7525
5665	7540
5666	0756
5667	0000
5670	1047
5671	3043
5672	1046
5673	3042
5674	1045
5675	3041
5676	3312
5677	4315
5700	4315
5701	4333
5702	4315
5703	1313
5704	3043
5705	3042
5706	3041
5707	4333
5710	1312
5711	5667
5712	0000
5713	0000
5714	0000
5715	0000
5716	1047
5717	7104
5720	3047
5721	1046
5722	7004
5723	3046
5724	1045
5725	7004
5726	3045
5727	1312
5730	7004
5731	3312
5732	5715
5733	0000
5734	7300
5735	1047
5736	1043
5737	3047
5740	7004
5741	1046
5742	1042
5743	3046
5744	7004
5745	1045
5746	1041
5747	3045
5750	7004
5751	1312
5752	3312
5753	5733
5754	0000
5755	7300
5756	1041
5757	7510
5760	7120
5761	7010
5762	3041
5763	1042
5764	7010
5765	3042
5766	1043
5767	7010
5770	3043
5771	2040
5772	5754
5773	5754
5774	0301
5775	2204
5776	2300
5777	0303
6000	0000
6001	1335
6002	4551
6003	1045
6004	7700
6005	1334
6006	1336
6007	4551
6010	4753
6011	3033
6012	1044
6013	7510
6014	5227
6015	7440
6016	1341
6017	7750
6020	5234
6021	4407
6022	4744
6023	0000
6024	7001
6025	1033
6026	5211
6027	4407
6030	4752
6031	0000
6032	7040
6033	5225
6034	3745
6035	3746
6036	1350
6037	3014
6040	1044
6041	7140
6042	3354
6043	1343
6044	3044
6045	4527
6046	2354
6047	5245
6050	1746
6051	7450
6052	5270
6053	1342
6054	7710
6055	5264
6056	7001
6057	3414
6060	2044
6061	1342
6062	2033
6063	7000
6064	1746
6065	2033
6066	7000
6067	7410
6070	4747
6071	3414
6072	2044
6073	5270
6074	1350
6075	3014
6076	1343
6077	4751
6100	5600
6101	1333
6102	4551
6103	1033
6104	7510
6105	7041
6106	3045
6107	1033
6110	7700
6111	1111
6112	1336
6113	4551
6114	1045
6115	2044
6116	1337
6117	7500
6120	5315
6121	1340
6122	3045
6123	7040
6124	1044
6125	7440
6126	4354
6127	1045
6130	4732
6131	5600
6132	2442
6133	0305
6134	7763
6135	0275
6136	0255
6137	7634
6140	0144
6141	7774
6142	7766
6143	7771
6144	6275
6145	5713
6146	5712
6147	5667
6150	7467
6151	5400
6152	6271
6153	5571
6154	0000
6155	1113
6156	4551
6157	5754
6160	6537
6161	6542
6162	6545
6163	6555
6164	0000
6165	0000
6166	0000
6167	0000
6170	0000
6171	0000
6172	0000
6173	0000
6174	0000
6175	0000
6176	0000
6177	0000
6200	0000
6201	7640
6202	4706
6203	1066
6204	1114
6205	7650
6206	5202
6207	4702
6210	1066
6211	1115
6212	7640
6213	5221
6214	4706
6215	3705
6216	4703
6217	1705
6220	7041
6221	3033
6222	1310
6223	3044
6224	4704
6225	4707
6226	4407
6227	6430
6230	0000
6231	1066
6232	1301
6233	7640
6234	5246
6235	4706
6236	4702
6237	4704
6240	1047
6241	1033
6242	3033
6243	4407
6244	0430
6245	0000
6246	1033
6247	7450
6250	5600
6251	7700
6252	5261
6253	4407
6254	4275
6255	6430
6256	0000
6257	7001
6260	5266
6261	4407
6262	4271
6263	6430
6264	0000
6265	7040
6266	1033
6267	3033
6270	5246
6271	0004
6272	2400
6273	0000
6274	0000
6275	7775
6276	3146
6277	3147
6300	3150
6301	7473
6302	5600
6303	5627
6304	7173
6305	5714
6306	0756
6307	7335
6310	0043
6311	7331
6312	5244
6313	7022
6314	0000
6315	4457
6316	0000
6317	4001
6320	6600
6321	0000
6322	1105
6323	3343
6324	1037
6325	7700
6326	5364
6327	2032
6330	5324
6331	2343
6332	5324
6333	4343
6334	1013
6335	1376
6336	7620
6337	5742
6340	2013
6341	5541
6342	0212
6343	0000
6344	1375
6345	7040
6346	3375
6347	7140
6350	3037
6351	1375
6352	7440
6353	6014
6354	7640
6355	1377
6356	1126
6357	3152
6360	5743
6361	4343
6362	5763
6363	0611
6364	7040
6365	3037
6366	6016
6367	0106
6370	7450
6371	5322
6372	1123
6373	3066
6374	5721
6375	0000
6376	4557
6377	4144
6400	0000
6401	7300
6402	3047
6403	3043
6404	1600
6405	7450
6406	5600
6407	3262
6410	1262
6411	0123
6412	7650
6413	5216
6414	1104
6415	0200
6416	3040
6417	1106
6420	0262
6421	1040
6422	3040
6423	1263
6424	0262
6425	7650
6426	5231
6427	1440
6430	3040
6431	2200
6432	7040
6433	1040
6434	3015
6435	1262
6436	7106
6437	7006
6440	0107
6441	7450
6442	5267
6443	1264
6444	3262
6445	1662
6446	7450
6447	5265
6450	3262
6451	1304
6452	3014
6453	1117
6454	3057
6455	1415
6456	3414
6457	2057
6460	5255
6461	5662
6462	0000
6463	0400
6464	6573
6465	1303
6466	5273
6467	1303
6470	3015
6471	7040
6472	1040
6473	3014
6474	1117
6475	3057
6476	1414
6477	3415
6500	2057
6501	5276
6502	5201
6503	0043
6504	0037
6505	4765
6506	4770
6507	5201
6510	4772
6511	4771
6512	4773
6513	4767
6514	5201
6515	1045
6516	7640
6517	5325
6520	3044
6521	3045
6522	3046
6523	3047
6524	5201
6525	4543
6526	0044
6527	4543
6530	0040
6531	4544
6532	0044
6533	4453
6534	7510
6535	5342
6536	7040
6537	3262
6540	3043
6541	1045
6542	7640
6543	4566
6544	4543
6545	2405
6546	4544
6547	0044
6550	4544
6551	7470
6552	5360
6553	4543
6554	7470
6555	4544
6556	0040
6557	4766
6560	2262
6561	5353
6562	5201
6563	4766
6564	5201
6565	7153
6566	7004
6567	7335
6570	6623
6571	5754
6572	6757
6573	5733
6574	6506
6575	6505
6576	7107
6577	6563
6600	6515
6601	0000
6602	6513
6603	0000
6604	7300
6605	1047
6606	7041
6607	3047
6610	1046
6611	7040
6612	7430
6613	7101
6614	3046
6615	1045
6616	7040
6617	7430
6620	7101
6621	3045
6622	5603
6623	0000
6624	1045
6625	7450
6626	1046
6627	7650
6630	5311
6631	1041
6632	7450
6633	1042
6634	7450
6635	1043
6636	7650
6637	5623
6640	1040
6641	7041
6642	1044
6643	7450
6644	5273
6645	3203
6646	1203
6647	7500
6650	7041
6651	3322
6652	1322
6653	1336
6654	7710
6655	5275
6656	1203
6657	7700
6660	5265
6661	4357
6662	2322
6663	5261
6664	5273
6665	7040
6666	1040
6667	3040
6670	4723
6671	2322
6672	5270
6673	2223
6674	5623
6675	1040
6676	7700
6677	5304
6700	1044
6701	7700
6702	5623
6703	5306
6704	1044
6705	7700
6706	1203
6707	7740
6710	5623
6711	1040
6712	3044
6713	1041
6714	3045
6715	1042
6716	3046
6717	1043
6720	3047
6721	5623
6722	0000
6723	5754
6724	0000
6725	4751
6726	1044
6727	7750
6730	5353
6731	7001
6732	3043
6733	1350
6734	3040
6735	4223
6736	0027
6737	2047
6740	5344
6741	2046
6742	7410
6743	2045
6744	3047
6745	4752
6746	1046
6747	5724
6750	0027
6751	5571
6752	7173
6753	3044
6754	3045
6755	3046
6756	5344
6757	0000
6760	7300
6761	1045
6762	7510
6763	7020
6764	7010
6765	3045
6766	1046
6767	7010
6770	3046
6771	1047
6772	7010
6773	3047
6774	2044
6775	5757
6776	5757
6777	0337
7000	0377
7001	0212
7002	0375
7003	7777
7004	0000
7005	7001
7006	1040
7007	4324
7010	7710
7011	4353
7012	3301
7013	3300
7014	3277
7015	3276
7016	1045
7017	3751
7020	1041
7021	4752
7022	0002
7023	1042
7024	4752
7025	0003
7026	1046
7027	3751
7030	1041
7031	4752
7032	0003
7033	1042
7034	4752
7035	0004
7036	5263
7037	3274
7040	1043
7041	3751
7042	1045
7043	4752
7044	0004
7045	1046
7046	4752
7047	0005
7050	1047
7051	3751
7052	1041
7053	4752
7054	0004
7055	1042
7056	4752
7057	0005
7060	1043
7061	4752
7062	0006
7063	1301
7064	3045
7065	1300
7066	3046
7067	1277
7070	3047
7071	4301
7072	3047
7073	5604
7074	5267
7075	6046
7076	6026
7077	6666
7100	0000
7101	0000
7102	2050
7103	4451
7104	4747
7105	2047
7106	5701
7107	1041
7110	7650
7111	4566
7112	1040
7113	7041
7114	7001
7115	4324
7116	7700
7117	4353
7120	4750
7121	4301
7122	5723
7123	6401
7124	0000
7125	1044
7126	3044
7127	1124
7130	0045
7131	1041
7132	7700
7133	7040
7134	3050
7135	1045
7136	7450
7137	5746
7140	7710
7141	4451
7142	1041
7143	7450
7144	5746
7145	5724
7146	6520
7147	7335
7150	7261
7151	7256
7152	7200
7153	0000
7154	7300
7155	1043
7156	7041
7157	3043
7160	1042
7161	7040
7162	7430
7163	7101
7164	3042
7165	1041
7166	7040
7167	7430
7170	7101
7171	3041
7172	5753
7173	0000
7174	1050
7175	7710
7176	4451
7177	5773
7200	0000
7201	7450
7202	5600
7203	3254
7204	3253
7205	1257
7206	3255
7207	7100
7210	1254
7211	7010
7212	3254
7213	1253
7214	7420
7215	5220
7216	7100
7217	1256
7220	7010
7221	3253
7222	2255
7223	5210
7224	1254
7225	7010
7226	3255
7227	1600
7230	7041
7231	1252
7232	3254
7233	1255
7234	7100
7235	1654
7236	3654
7237	2254
7240	7004
7241	1253
7242	1654
7243	3654
7244	7420
7245	5600
7246	2254
7247	2654
7250	5600
7251	5246
7252	7102
7253	0000
7254	0000
7255	0000
7256	0000
7257	7764
7260	7751
7261	0000
7262	3200
7263	3254
7264	1260
7265	3255
7266	7410
7267	4527
7270	7100
7271	1042
7272	1046
7273	3256
7274	7004
7275	1045
7276	1041
7277	7420
7300	5304
7301	3045
7302	1256
7303	3046
7304	7200
7305	1254
7306	7004
7307	3254
7310	1200
7311	7004
7312	3200
7313	2255
7314	5267
7315	1254
7316	3046
7317	1200
7320	3045
7321	5661
7322	7004
7323	3335
7324	2255
7325	5267
7326	1335
7327	3045
7330	1200
7331	3046
7332	1254
7333	3047
7334	5661
7335	0000
7336	4775
7337	4366
7340	1045
7341	7450
7342	1047
7343	7450
7344	1046
7345	7650
7346	5363
7347	1045
7350	7104
7351	7710
7352	5360
7353	4527
7354	7140
7355	1044
7356	3044
7357	5347
7360	4776
7361	4366
7362	5735
7363	3044
7364	5735
7365	6757
7366	0000
7367	1045
7370	7510
7371	7041
7372	7710
7373	4765
7374	5766
7375	5571
7376	7173
7377	4762
7400	4407
7401	6274
7402	0000
7403	1045
7404	7710
7405	4566
7406	1044
7407	7510
7410	7020
7411	7010
7412	3270
7413	7430
7414	2270
7415	7000
7416	1267
7417	3271
7420	3272
7421	3273
7422	1275
7423	7450
7424	1276
7425	7650
7426	5265
7427	4407
7430	0274
7431	3270
7432	1270
7433	0000
7434	7240
7435	1044
7436	3044
7437	1044
7440	7041
7441	1270
7442	7640
7443	5261
7444	1045
7445	7041
7446	1271
7447	7640
7450	5261
7451	1046
7452	7041
7453	1272
7454	7500
7455	7041
7456	7001
7457	7700
7460	5536
7461	4407
7462	6270
7463	0000
7464	5227
7465	3044
7466	5536
7467	3015
7470	0000
7471	0000
7472	0000
7473	0000
7474	0000
7475	0000
7476	0000
7477	7503
7500	7006
7501	7004
7502	3344
7503	1133
7504	4327
7505	1060
7506	4327
7507	1031
7510	4327
7511	1035
7512	4327
7513	5316
7514	4545
7515	4551
7516	1066
7517	1116
7520	7640
7521	5314
7522	1016
7523	7640
7524	5322
7525	6002
7526	5504
7527	0000
7530	3032
7531	1032
7532	7006
7533	7006
7534	4350
7535	4557
7536	7004
7537	4350
7540	7012
7541	7010
7542	4350
7543	4350
7544	7200
7545	1077
7546	4551
7547	5727
7550	0000
7551	0356
7552	1113
7553	4551
7554	1032
7555	5750
7556	0007
7557	0257
7560	7472
7561	7202
7562	7221
7563	7225
7564	7140
7565	7135
7566	7064
7567	7236
7570	7327
7571	7176
7572	7335
7573	7505
7574	7416
7575	7536
7576	7535
7577	7152
